4 0.329204
5 0.185002
6 0.116601
7 0.084400
8 0.057200
9 0.041600
10 0.031400
11 0.025800
12 0.017000
13 0.011400
14 0.013600
15 0.010400
16 0.010800
17 0.007000
18 0.007800
19 0.005000
20 0.005600
21 0.004000
22 0.002800
23 0.002400
24 0.001800
25 0.001600
26 0.001800
27 0.001600
28 0.001800
29 0.001200
30 0.001400
31 0.001000
32 0.001400
33 0.000800
34 0.001000
35 0.000600
36 0.000400
37 0.000400
38 0.001000
39 0.000600
40 0.001200
41 0.000600
42 0.000400
44 0.000200
45 0.000200
46 0.000400
47 0.000400
48 0.000400
50 0.000200
51 0.000200
52 0.000400
53 0.000600
54 0.000600
55 0.000400
56 0.000400
57 0.000200
59 0.000200
61 0.000400
62 0.000400
64 0.000200
66 0.000200
68 0.000400
70 0.000200
75 0.000200
79 0.000200
80 0.000200
88 0.000200
91 0.000200
93 0.000200
112 0.000400
123 0.000200
134 0.000200
139 0.000200
144 0.000200
160 0.000200
164 0.000200
178 0.000200
181 0.000200
183 0.000200
218 0.000200
253 0.000200
