4 0.334805
5 0.185002
6 0.118601
7 0.076600
8 0.057600
9 0.040600
10 0.029000
11 0.025800
12 0.017400
13 0.014200
14 0.013000
15 0.010000
16 0.010400
17 0.006800
18 0.007600
19 0.005800
20 0.003400
21 0.004200
22 0.003600
23 0.002800
24 0.002000
25 0.002600
26 0.003400
27 0.001400
28 0.001800
29 0.001400
30 0.001600
31 0.001400
32 0.000800
33 0.000600
34 0.000600
35 0.000800
36 0.000600
37 0.000600
38 0.000200
39 0.000800
40 0.000600
41 0.000400
42 0.000600
43 0.000600
45 0.000800
47 0.001000
48 0.000200
49 0.000400
50 0.000800
52 0.000200
53 0.000200
57 0.000200
58 0.000200
59 0.000400
60 0.000200
63 0.000200
65 0.000200
72 0.000200
76 0.000200
77 0.000200
79 0.000400
81 0.000600
82 0.000200
85 0.000200
92 0.000200
98 0.000200
101 0.000200
106 0.000200
113 0.000200
116 0.000200
118 0.000200
156 0.000200
181 0.000200
184 0.000200
187 0.000200
196 0.000200
209 0.000200
224 0.000200
280 0.000200
