4 0.324604
5 0.198802
6 0.116601
7 0.071200
8 0.059400
9 0.043400
10 0.031400
11 0.023600
12 0.019600
13 0.015000
14 0.014800
15 0.010200
16 0.007400
17 0.005800
18 0.005800
19 0.005000
20 0.003400
21 0.004400
22 0.003200
23 0.003800
24 0.002600
25 0.002600
26 0.002000
27 0.002400
28 0.001200
29 0.001800
30 0.001600
31 0.000600
32 0.001000
33 0.000400
34 0.000400
35 0.000600
36 0.000600
37 0.001600
38 0.000600
40 0.000400
41 0.000600
42 0.000600
43 0.000200
44 0.000400
45 0.000200
46 0.000400
49 0.000200
50 0.000200
51 0.000400
52 0.000400
53 0.000200
54 0.000200
55 0.000200
56 0.000400
57 0.000400
58 0.000200
59 0.000200
61 0.000200
62 0.000200
63 0.000200
64 0.000200
66 0.000200
67 0.000200
68 0.000200
69 0.000200
71 0.000200
72 0.000200
73 0.000200
74 0.000400
75 0.000200
76 0.000200
80 0.000200
83 0.000200
86 0.000200
108 0.000200
111 0.000200
116 0.000200
117 0.000400
122 0.000200
123 0.000200
125 0.000200
139 0.000200
140 0.000200
153 0.000200
161 0.000200
162 0.000200
168 0.000200
185 0.000200
296 0.000200
