4 0.334404
5 0.181202
6 0.121401
7 0.074600
8 0.054000
9 0.043800
10 0.032800
11 0.022600
12 0.020000
13 0.016800
14 0.013000
15 0.009800
16 0.007400
17 0.006800
18 0.005800
19 0.005200
20 0.005400
21 0.004800
22 0.004000
23 0.002600
24 0.003600
25 0.001600
26 0.001600
27 0.002000
28 0.001600
29 0.001000
30 0.001600
31 0.001400
32 0.001000
33 0.001000
34 0.001200
35 0.000800
36 0.000600
37 0.000200
38 0.000800
39 0.000800
40 0.000600
41 0.000400
42 0.000200
43 0.000600
44 0.000800
45 0.000600
47 0.000600
49 0.000600
50 0.000200
51 0.000200
52 0.000800
53 0.000200
54 0.000600
55 0.000400
57 0.000200
59 0.000200
61 0.000200
64 0.000200
65 0.000200
67 0.000200
70 0.000200
71 0.000200
73 0.000200
74 0.000800
76 0.000200
82 0.000200
84 0.000200
85 0.000200
86 0.000200
90 0.000200
92 0.000200
93 0.000200
109 0.000200
130 0.000200
146 0.000200
160 0.000200
161 0.000200
183 0.000200
213 0.000200
229 0.000200
250 0.000200
