4 0.326404
5 0.191602
6 0.116201
7 0.080800
8 0.058000
9 0.039000
10 0.034000
11 0.022400
12 0.017800
13 0.015800
14 0.011600
15 0.008600
16 0.009600
17 0.008400
18 0.006800
19 0.004400
20 0.005800
21 0.002800
22 0.001600
23 0.002800
24 0.004200
25 0.003200
26 0.002400
27 0.002200
28 0.001600
29 0.001000
30 0.001800
31 0.001200
32 0.001600
33 0.001000
34 0.000400
35 0.001200
37 0.000400
38 0.000200
39 0.000600
40 0.000200
41 0.000600
42 0.000600
43 0.000400
44 0.000400
45 0.000200
46 0.000800
47 0.000600
48 0.000800
49 0.000400
50 0.000400
51 0.000200
52 0.000400
53 0.000200
55 0.000200
57 0.000200
58 0.000400
59 0.000200
60 0.000200
62 0.000200
73 0.000400
79 0.000200
84 0.000200
87 0.000200
89 0.000200
92 0.000200
93 0.000200
94 0.000200
95 0.000200
96 0.000200
102 0.000200
104 0.000200
108 0.000200
113 0.000200
116 0.000200
117 0.000200
132 0.000200
135 0.000200
143 0.000200
144 0.000200
145 0.000200
160 0.000200
270 0.000200
272 0.000200
