4 0.325804
5 0.195202
6 0.125001
7 0.081600
8 0.046600
9 0.042000
10 0.028600
11 0.024800
12 0.018400
13 0.016000
14 0.013400
15 0.008400
16 0.008600
17 0.006200
18 0.006800
19 0.003800
20 0.004600
21 0.003800
22 0.003800
23 0.003200
24 0.002400
25 0.002000
26 0.002000
27 0.002000
28 0.001800
29 0.001800
30 0.001200
31 0.000800
32 0.000800
33 0.001400
34 0.000600
35 0.000200
36 0.001200
37 0.000600
38 0.000600
39 0.000600
40 0.000200
41 0.000800
42 0.000200
43 0.000400
44 0.000600
45 0.000400
46 0.000200
47 0.000600
48 0.000200
50 0.000600
52 0.000400
53 0.000600
54 0.000200
55 0.000200
56 0.000400
57 0.000400
59 0.000800
60 0.000200
61 0.000600
62 0.000600
65 0.000200
67 0.000200
68 0.000200
69 0.000200
70 0.000200
72 0.000200
74 0.000200
78 0.000200
87 0.000200
89 0.000200
92 0.000200
98 0.000200
99 0.000200
104 0.000200
105 0.000200
108 0.000200
112 0.000400
116 0.000200
134 0.000200
222 0.000200
224 0.000200
274 0.000200
338 0.000200
