4 0.329804
5 0.185202
6 0.113201
7 0.083200
8 0.062400
9 0.042800
10 0.033400
11 0.023000
12 0.015800
13 0.015000
14 0.013800
15 0.008800
16 0.008800
17 0.007800
18 0.005200
19 0.005600
20 0.003800
21 0.003800
22 0.002800
23 0.003000
24 0.003200
25 0.003200
26 0.001400
27 0.001200
28 0.002000
29 0.001600
30 0.001000
31 0.001600
32 0.000600
33 0.000400
34 0.001000
35 0.001000
36 0.000600
37 0.001400
38 0.000400
39 0.000200
40 0.000800
41 0.000200
43 0.000800
44 0.000600
46 0.000400
47 0.000400
48 0.000400
49 0.000400
50 0.000600
51 0.000600
53 0.000200
57 0.000200
58 0.000400
60 0.000200
62 0.000400
64 0.000400
65 0.000200
66 0.000400
68 0.000200
71 0.000200
75 0.000200
80 0.000400
82 0.000200
84 0.000400
87 0.000400
88 0.000200
93 0.000200
101 0.000200
117 0.000400
120 0.000200
148 0.000200
195 0.000200
216 0.000200
260 0.000200
324 0.000200
340 0.000200
