4 0.324804
5 0.188202
6 0.122001
7 0.079400
8 0.055800
9 0.042600
10 0.034200
11 0.021600
12 0.016800
13 0.017600
14 0.015400
15 0.010800
16 0.009200
17 0.005600
18 0.003600
19 0.004000
20 0.004200
21 0.002600
22 0.003000
23 0.003400
24 0.002200
25 0.002200
26 0.001200
27 0.002200
28 0.001800
29 0.001000
30 0.000800
31 0.002600
32 0.001600
33 0.001200
34 0.000600
35 0.001000
36 0.001000
37 0.001600
38 0.000800
39 0.000800
40 0.000200
41 0.000600
42 0.000600
44 0.000400
45 0.000400
46 0.000200
47 0.000400
48 0.000400
49 0.000200
50 0.000200
51 0.000400
52 0.000400
53 0.000400
54 0.000200
55 0.000200
57 0.000200
58 0.000200
59 0.000400
60 0.000200
61 0.000400
64 0.000200
65 0.000400
69 0.000200
71 0.000600
72 0.000200
73 0.000200
74 0.000200
77 0.000200
79 0.000200
84 0.000200
88 0.000400
90 0.000400
91 0.000200
92 0.000200
94 0.000200
98 0.000200
106 0.000400
114 0.000200
116 0.000200
130 0.000200
137 0.000200
160 0.000200
187 0.000200
268 0.000200
