4 0.326004
5 0.189802
6 0.121801
7 0.077000
8 0.060200
9 0.039400
10 0.031200
11 0.021600
12 0.019600
13 0.016000
14 0.012600
15 0.012600
16 0.009800
17 0.007200
18 0.006200
19 0.004400
20 0.004400
21 0.003200
22 0.003800
23 0.002000
24 0.001600
25 0.001400
26 0.001400
27 0.001400
28 0.001600
29 0.001000
30 0.000600
31 0.001400
32 0.001400
33 0.001400
34 0.000400
35 0.000200
36 0.000400
37 0.000800
38 0.001000
39 0.000400
40 0.000800
41 0.001000
42 0.001000
43 0.000400
44 0.000600
45 0.000800
46 0.000400
47 0.000400
48 0.000400
49 0.000600
50 0.000200
52 0.000600
53 0.000400
54 0.000400
55 0.000600
57 0.000400
58 0.000200
59 0.000400
60 0.000200
61 0.000200
63 0.000200
68 0.000400
71 0.000200
73 0.000200
74 0.000400
76 0.000400
81 0.000200
82 0.000200
84 0.000200
88 0.000200
100 0.000200
119 0.000200
123 0.000200
125 0.000200
139 0.000200
152 0.000200
173 0.000200
175 0.000200
190 0.000200
275 0.000200
334 0.000200
