4 0.329204
5 0.189402
6 0.119001
7 0.077800
8 0.050800
9 0.044200
10 0.034400
11 0.021000
12 0.023800
13 0.013600
14 0.010600
15 0.012400
16 0.009400
17 0.007200
18 0.005200
19 0.005000
20 0.003800
21 0.002400
22 0.002200
23 0.003000
24 0.002400
25 0.003200
26 0.002200
27 0.001400
28 0.001000
29 0.002400
30 0.001400
31 0.001200
32 0.002200
33 0.001600
34 0.001200
35 0.000400
36 0.000400
37 0.000800
38 0.000400
39 0.000600
40 0.001200
41 0.000400
42 0.000800
43 0.000200
44 0.001000
46 0.000400
47 0.000600
48 0.001200
49 0.000200
51 0.000200
52 0.000400
54 0.000200
55 0.000200
56 0.000200
57 0.000400
59 0.000200
60 0.000200
61 0.000200
63 0.000200
73 0.000400
74 0.000200
80 0.000200
82 0.000200
84 0.000200
86 0.000200
93 0.000200
97 0.000200
101 0.000200
103 0.000200
108 0.000200
124 0.000200
136 0.000200
138 0.000200
143 0.000200
149 0.000200
154 0.000200
169 0.000200
201 0.000200
237 0.000200
239 0.000200
